Warp,712,608,64CF8593,0,1.5,1,4294967295,0,1
objSpikeUpE,96,544,000A100A,0,1,1,4294967295,0,0
objSpikeUpE,160,544,3B0A1109,0,1,1,4294967295,0,0
objSpikeRightE,192,448,CD0FE5F2,0,1,1,4294967295,0,0
objSpikeLeftE,256,448,0D3CD1EA,0,1,1,4294967295,0,0
objMiniSpikeUpE,128,560,52944D66,0,1,1,4294967295,0,1
objMiniSpikeUpE,144,560,40981614,0,1,1,4294967295,0,1
objSpikeDownE,128,496,7D88AA30,0,1,1,4294967295,0,1
objMiniSpikeUpE,128,480,B125DA46,0,1,1,4294967295,0,0
objMiniSpikeUpE,144,480,A76F6FE2,0,1,1,4294967295,0,0
objSpikeUpE,96,480,99A3A142,0,1,1,4294967295,0,0
objSpikeUpE,160,480,D1633069,0,1,1,4294967295,0,0
objMiniSpikeDownE,112,480,1C38199C,0,1,1,4294967295,0,0
objMiniSpikeDownE,96,480,3265759F,0,1,1,4294967295,0,0
objMiniSpikeDownE,160,480,4712E257,0,1,1,4294967295,0,0
objMiniSpikeDownE,176,480,B2BF761D,0,1,1,4294967295,0,0
objSpikeDownE,384,416,F68DAE50,0,1,1,4294967295,0,1
objSpikeDownE,416,320,7B72173D,0,1,1,4294967295,0,1
objSpikeUpE,384,256,86301C86,0,1,1,4294967295,0,1
objSpikeUpE,416,256,95F891FD,0,1,1,4294967295,0,1
objMiniSpikeDownE,384,256,EC2F9FC6,0,1,1,4294967295,0,0
objMiniSpikeDownE,400,256,99E771A5,0,1,1,4294967295,0,0
objMiniSpikeDownE,416,256,462AF7C1,0,1,1,4294967295,0,0
objMiniSpikeDownE,432,256,A2488025,0,1,1,4294967295,0,0
objMiniSpikeUpE,432,336,E54667F7,0,1,1,4294967295,0,0
objMiniSpikeUpE,384,432,F564D087,0,1,1,4294967295,0,0
objSpikeUpE,288,544,FF9B454B,0,1,1,4294967295,0,0
objSpikeUpE,320,544,556D9236,0,1,1,4294967295,0,0
objMiniSpikeDownE,136,560,CF9113AC,0,1,1,4294967295,0,1
objMiniSpikeDownE,120,560,47E6746C,0,1,1,4294967295,0,1
objMiniSpikeDownE,152,560,7CA492B5,0,1,1,4294967295,0,1
objSpikeDownE,304,544,4D0318E6,0,1,1,4294967295,0,1
objSpikeDownE,272,495,27FB8617,0,1,1,4294967295,0,1
objSpikeDownE,336,495,293F8B13,0,1,1,4294967295,0,1
objSpikeDownE,304,488,7BAD1C54,0,1,1,4294967295,0,0
objMiniSpikeUpE,304,472,8C4678A3,0,1,1,4294967295,0,0
objMiniSpikeUpE,320,472,9F6BC5A4,0,1,1,4294967295,0,0
objMiniSpikeUpE,272,480,28395053,0,1,1,4294967295,0,1
objMiniSpikeUpE,288,480,910995DF,0,1,1,4294967295,0,1
objMiniSpikeUpE,336,480,727E4909,0,1,1,4294967295,0,1
objMiniSpikeUpE,352,480,DF70C94D,0,1,1,4294967295,0,1
objMiniSpikeDownE,432,384,A5F10ADC,0,1,1,4294967295,0,0
objMiniSpikeRightE,384,400,0FB18BC1,0,1,1,4294967295,0,0
objMiniSpikeRightE,384,384,74C30EEF,0,1,1,4294967295,0,0
objMiniSpikeRightE,384,368,4BF98F85,0,1,1,4294967295,0,0
objMiniSpikeRightE,384,352,8321FD36,0,1,1,4294967295,0,0
objMiniSpikeRightE,384,336,50CF0D79,0,1,1,4294967295,0,0
objMiniSpikeRightE,384,320,0350D3A8,0,1,1,4294967295,0,0
objMiniSpikeRightE,384,304,63DA5BDE,0,1,1,4294967295,0,0
objMiniSpikeRightE,384,288,D17DC295,0,1,1,4294967295,0,0
objSpikeUpE,464,320,8DE207C9,0,1,1,4294967295,0,0
objSpikeUpE,480,290,7D50BA69,0,1,1,4294967295,0,1
objSpikeDownE,480,320,E9B455BD,0,1,1,4294967295,0,1
objSpikeDownE,504,256,8D211957,0,1,1,4294967295,0,0
objSpikeRightE,512,352,A83647B3,0,1,1,4294967295,0,0
objSpikeDownE,544,416,7466F18C,0,1,1,4294967295,0,1
objSpikeUpE,544,384,BE6E4AD0,0,1,1,4294967295,0,1
objSpikeDownE,544,480,C3BC3916,0,1,1,4294967295,0,0
objSpikeUpE,544,448,9B1226A2,0,1,1,4294967295,0,0
objSpikeDownE,608,576,6F2CEF86,0,1,1,4294967295,0,0
objSpikeUpE,608,544,180C440E,0,1,1,4294967295,0,1
objSpikeUpE,640,544,C7FF9AD7,0,1,1,4294967295,0,0
objSpikeDownE,640,576,9287049F,0,1,1,4294967295,0,0
objSpikeUpE,528,480,7380790F,0,1,1,4294967295,0,0
objSpikeDownE,528,512,5FEACE21,0,1,1,4294967295,0,0
objSpikeDownE,480,416,C39BE50F,0,1,1,4294967295,0,0
objSpikeUpE,480,384,741EB971,0,1,1,4294967295,0,0
objSpikeUpE,480,512,25C6559A,0,1,1,4294967295,0,1
objSpikeDownE,480,544,DA7403DE,0,1,1,4294967295,0,1
objSpikeDownE,456,256,8BB78942,0,1,1,4294967295,0,0
objSpikeLeftE,640,400,8593EF20,0,1,1,4294967295,0,1
objSpikeDownE,640,400,2B1F9746,0,1,1,4294967295,0,1
objMiniSpikeRightE,608,336,62C978C9,0,1,1,4294967295,0,0
objMiniSpikeRightE,608,352,A3EC049F,0,1,1,4294967295,0,0
objMiniSpikeRightE,608,368,AA43F0A0,0,1,1,4294967295,0,0
objMiniSpikeRightE,608,384,7101EA06,0,1,1,4294967295,0,0
objMiniSpikeRightE,608,400,0A2B2F13,0,1,1,4294967295,0,0
objMiniSpikeRightE,608,416,18EE92CF,0,1,1,4294967295,0,0
objMiniSpikeLeftE,656,432,2675EF62,0,1,1,4294967295,0,1
objMiniSpikeLeftE,656,448,265A6595,0,1,1,4294967295,0,1
objMiniSpikeLeftE,656,464,2491BA9F,0,1,1,4294967295,0,1
objMiniSpikeLeftE,656,480,6AAD7636,0,1,1,4294967295,0,1
objMiniSpikeLeftE,656,496,E945395B,0,1,1,4294967295,0,1
objMiniSpikeLeftE,656,512,07140A73,0,1,1,4294967295,0,1
objMiniSpikeLeftE,656,528,8D2D0155,0,1,1,4294967295,0,1
objSpikeRightE,608,256,87C22E1B,0,1,1,4294967295,0,1
objSpikeLeftE,640,224,3D2D0D0F,0,1,1,4294967295,0,0
objSpikeUpE,608,256,76EDDA06,0,1,1,4294967295,0,1
objSpikeRightE,608,192,2EAAA623,0,1,1,4294967295,0,1
objSpikeLeftE,576,192,1CE207E7,0,1,1,4294967295,0,1
objSpikeLeftE,616,144,B143E45A,0,1,1,4294967295,0,1
objMiniSpikeRightE,648,160,01AD9F38,0,1,1,4294967295,0,1
objMiniSpikeRightE,648,144,29BD2972,0,1,1,4294967295,0,1
objSpikeDownE,536,96,8CEA9127,0,1,1,4294967295,0,0
objSpikeUpE,512,192,D2750F40,0,1,1,4294967295,0,0
objSpikeUpE,496,160,B1E63293,0,1,1,4294967295,0,1
objSpikeUpE,480,192,8B172614,0,1,1,4294967295,0,0
objSpikeDownE,496,192,4D9826AC,0,1,1,4294967295,0,0
objSpikeDownE,512,112,4B6EE4E6,0,1,1,4294967295,0,0
objMiniSpikeUpE,512,96,550B4960,0,1,1,4294967295,0,0
objMiniSpikeUpE,528,96,B19A0E7E,0,1,1,4294967295,0,0
objSpikeDownE,480,112,7FCBB59C,0,1,1,4294967295,0,0
objMiniSpikeUpE,480,96,5321F667,0,1,1,4294967295,0,0
objMiniSpikeUpE,496,96,75353C06,0,1,1,4294967295,0,0
objSpikeDownE,472,176,53E93574,0,1,1,4294967295,0,1
objSpikeUpE,456,176,88FDB7FC,0,1,1,4294967295,0,0
objMiniSpikeDownE,472,208,BEE61440,0,1,1,4294967295,0,0
objMiniSpikeDownE,456,208,D9409FA5,0,1,1,4294967295,0,0
objSpikeDownE,448,112,166E9DA8,0,1,1,4294967295,0,0
objSpikeUpE,464,112,F2B637BA,0,1,1,4294967295,0,0
objSpikeUpE,368,184,850A3249,0,1,1,4294967295,0,0
objMiniSpikeDownE,368,216,5BACE0AB,0,1,1,4294967295,0,0
objMiniSpikeDownE,384,216,371F401A,0,1,1,4294967295,0,0
objSpikeDownE,368,128,78405072,0,1,1,4294967295,0,0
objSpikeUpE,368,96,D778DCF2,0,1,1,4294967295,0,0
objSpikeLeftE,352,224,7AA220A7,0,1,1,4294967295,0,1
objSpikeRightE,320,160,2DD1CE6E,0,1,1,4294967295,0,0
objSpikeRightE,320,128,78400A3A,0,1,1,4294967295,0,1
objSpikeDownE,352,96,7A06098D,0,1,1,4294967295,0,0
objSpikeDownE,384,96,76553CA2,0,1,1,4294967295,0,0
objMiniSpikeUpE,448,96,0B494377,0,1,1,4294967295,0,0
objMiniSpikeUpE,464,96,49ED03D0,0,1,1,4294967295,0,0
objSpikeDownE,288,416,C4B45F4C,0,1,1,4294967295,0,1
objSpikeLeftE,256,352,2F296A6C,0,1,1,4294967295,0,1
objSpikeDownE,112,352,919C307C,0,1,1,4294967295,0,0
objSpikeDownE,80,352,F5F0C0EE,0,1,1,4294967295,0,0
objSpikeUpE,64,416,114A5D33,0,1,1,4294967295,0,1
objSpikeUpE,96,416,FF03C37C,0,1,1,4294967295,0,0
objSpikeUpE,128,416,653EA703,0,1,1,4294967295,0,0
objSpikeUpE,64,352,80575E41,0,1,1,4294967295,0,1
objSpikeUpE,96,352,C417CA51,0,1,1,4294967295,0,1
objSpikeUpE,128,352,59A6C171,0,1,1,4294967295,0,1
objSpikeUpE,64,256,991EA9B3,0,1,1,4294967295,0,1
objSpikeDownE,64,288,AF4C4613,0,1,1,4294967295,0,1
objSpikeDownE,64,190,EF3C679E,0,1,1,4294967295,0,1
objSpikeRightE,32,224,0B8E759D,0,1,1,4294967295,0,1
objSpikeDownE,96,190,4C84B34C,0,1,1,4294967295,0,0
objSpikeDownE,160,190,4E8A7BD0,0,1,1,4294967295,0,0
objSpikeUpE,96,256,5B871477,0,1,1,4294967295,0,0
objSpikeUpE,128,256,0EEA4576,0,1,1,4294967295,0,1
objSpikeUpE,160,256,828FC06B,0,1,1,4294967295,0,0
objSpikeDownE,96,288,E20B7B4B,0,1,1,4294967295,0,0
objSpikeDownE,128,288,0C1CF1B5,0,1,1,4294967295,0,1
objSpikeDownE,160,288,1CC88DA1,0,1,1,4294967295,0,0
objSpikeUpE,192,192,134E2323,0,1,1,4294967295,0,1
objSpikeDownE,192,224,77364C5A,0,1,1,4294967295,0,1
objSpikeUpE,80,288,160CCFFD,0,1,1,4294967295,0,0
objSpikeUpE,112,288,DBCE162A,0,1,1,4294967295,0,0
objSpikeUpE,144,288,D788EE7C,0,1,1,4294967295,0,0
objMiniSpikeDownE,192,192,03957A16,0,1,1,4294967295,0,1
objSpikeDownE,208,256,678D535A,0,1,1,4294967295,0,1
objSpikeUpE,208,224,20843FAE,0,1,1,4294967295,0,1
objSpikeUpE,240,288,3F0A3175,0,1,1,4294967295,0,1
objSpikeUpE,224,192,9F5BC064,0,1,1,4294967295,0,1
objMiniSpikeDownE,240,192,A7ED9DA2,0,1,1,4294967295,0,1
objSpikeDownE,208,192,4E52BB0B,0,1,1,4294967295,0,1
objSpikeDownE,224,224,82728132,0,1,1,4294967295,0,1
objSpikeUpE,256,256,AA5843E3,0,1,1,4294967295,0,1
objSpikeDownE,256,288,9463B614,0,1,1,4294967295,0,0
objMiniSpikeUpE,200,305,E914099B,0,1,1,4294967295,0,1
objMiniSpikeUpE,232,305,F8976B32,0,1,1,4294967295,0,1
objSpikeRightE,224,72,3EC0A7ED,0,1,1,4294967295,0,0
objSpikeLeftE,256,32,5206FC59,0,1,1,4294967295,0,1
objSpikeRightE,128,64,DFD5AC50,0,1,1,4294967295,0,0
objSpikeDownE,160,32,6EA554B5,0,1,1,4294967295,0,1
objSpikeLeftE,160,96,311FE7C2,0,1,1,4294967295,0,1
objSpikeLeftE,64,64,2F879F08,0,1,1,4294967295,0,1
objSpikeRightE,32,96,717757EA,0,1,1,4294967295,0,1
objSpikeUpE,64,128,31EEB74E,0,1,1,4294967295,0,0
objSpikeUpE,256,104,DDFFF892,0,1,1,4294967295,0,0
objSpikeUpE,128,128,81819456,0,1,1,4294967295,0,1
objSpikeUpE,352,32,BF4F26D3,0,1,1,4294967295,0,0
objSpikeUpE,392,0,E1F9BE59,0,1,1,4294967295,0,1
objSpikeDownE,376,0,1FD81E5E,0,1,1,4294967295,0,1
objSpikeDownE,328,0,C4D069DF,0,1,1,4294967295,0,1
objSpikeDownE,408,0,2A85B09B,0,1,1,4294967295,0,0
objSpikeDownE,448,32,19B87205,0,1,1,4294967295,0,1
objSpikeDownE,480,32,D0932079,0,1,1,4294967295,0,0
objSpikeUpE,464,32,645524F2,0,1,1,4294967295,0,0
objMiniSpikeDownE,520,0,9CE49929,0,1,1,4294967295,0,1
objMiniSpikeUpE,448,48,9CE418A0,0,1,1,4294967295,0,1
objMiniSpikeUpE,496,48,EAA9CAED,0,1,1,4294967295,0,0
objSpikeRightE,608,64,0FFF893E,0,1,1,4294967295,0,1
objSpikeLeftE,640,64,CAD5762A,0,1,1,4294967295,0,0
objSpikeLeftE,640,0,433A3692,0,1,1,4294967295,0,0
objSpikeRightE,608,0,3CABBE86,0,1,1,4294967295,0,1
objSpikeLeftE,576,0,B485F34D,0,1,1,4294967295,0,1
objSpikeUpE,536,32,66B39793,0,1,1,4294967295,0,0
objSpikeRightE,704,0,E79589AE,0,1,1,4294967295,0,0
objSpikeRightE,704,64,241DA938,0,1,1,4294967295,0,0
objMovingSpikeUpE,224,400,41B9123B,0,1,1,4294967295,0,1
objMovingSpikeDownE,224,432,9557E68A,0,1,1,4294967295,0,1
objMovingSpikeRightE,320,256,498CB3D3,0,1,1,4294967295,0,1
objMovingSpikeDownE,192,128,1BEB3F85,0,1,1,4294967295,0,1
objMovingSpikeRightE,320,64,F9DA6411,0,1,1,4294967295,0,1
objMovingSpikeUpE,96,32,A0C3C44C,0,1,1,4294967295,0,1
objSpikeRightE,320,192,23F3202C,0,1,1,4294967295,0,1
objSpikeUpE,352,224,0F51232B,0,1,1,4294967295,0,1
objMiniSpikeRightE,608,320,FF3D8F75,0,1,1,4294967295,0,0
objSpikeLeftE,640,336,D6125132,0,1,1,4294967295,0,1
objSpikeRightE,608,432,65EF9E3D,0,1,1,4294967295,0,1
objSpikeLeftE,736,32,4A9A05D9,0,1,1,4294967295,0,1
objSpikeLeftE,736,96,839890E2,0,1,1,4294967295,0,1
objSpikeUpE,704,128,F1461A99,0,1,1,4294967295,0,1
objSpikeDownE,704,160,B1593791,0,1,1,4294967295,0,1
objSpikeRightE,704,128,EDE7E519,0,1,1,4294967295,0,1
objSpikeRightE,704,184,C9F1C79A,0,1,1,4294967295,0,1
objMiniSpikeLeftE,752,128,CF304F88,0,1,1,4294967295,0,0
objMiniSpikeLeftE,752,144,67D1173C,0,1,1,4294967295,0,0
objMiniSpikeLeftE,752,160,6F28457D,0,1,1,4294967295,0,0
objMiniSpikeLeftE,752,176,0CB66AB5,0,1,1,4294967295,0,0
objMiniSpikeLeftE,752,192,2A4433F7,0,1,1,4294967295,0,0
objSpikeUpE,736,216,D886F3C6,0,1,1,4294967295,0,0
objSpikeDownE,736,248,67837E50,0,1,1,4294967295,0,0
objSpikeUpE,696,256,E77958E6,0,1,1,4294967295,0,1
objSpikeDownE,696,288,F7466192,0,1,1,4294967295,0,1
objSpikeUpE,736,296,EA85BA02,0,1,1,4294967295,0,1
objSpikeDownE,736,328,9F00798A,0,1,1,4294967295,0,1
objSpikeDownE,704,376,03F7DEB4,0,1,1,4294967295,0,1
objMiniSpikeUpE,704,360,50AB1CA9,0,1,1,4294967295,0,0
objMiniSpikeRightE,704,344,082B8527,0,1,1,4294967295,0,0
objMiniSpikeRightE,704,320,A328ED81,0,1,1,4294967295,0,0
objMiniSpikeLeftE,752,280,B5AFD2B8,0,1,1,4294967295,0,0
objMiniSpikeRightE,704,216,26A2E383,0,1,1,4294967295,0,0
objMiniSpikeRightE,704,240,F834DDBD,0,1,1,4294967295,0,0
objSpikeDownE,736,416,DB1EC3B3,0,1,1,4294967295,0,0
objMiniSpikeUpE,752,400,BA0D06CB,0,1,1,4294967295,0,0
objMiniSpikeLeftE,752,360,0C8E85F0,0,1,1,4294967295,0,0
objMiniSpikeLeftE,752,384,0B0E9026,0,1,1,4294967295,0,0
objSpikeUpE,720,448,ACD1965C,0,1,1,4294967295,0,1
objSpikeDownE,720,512,101E0EC8,0,1,1,4294967295,0,0
objMiniSpikeRightE,704,512,DA2233DA,0,1,1,4294967295,0,0
objMiniSpikeRightE,704,528,C13DB5BB,0,1,1,4294967295,0,0
objMiniSpikeRightE,704,408,DC5C750B,0,1,1,4294967295,0,0
objMiniSpikeRightE,704,424,1E8D594A,0,1,1,4294967295,0,0
objMiniSpikeLeftE,752,448,A92F25E1,0,1,1,4294967295,0,0
objMiniSpikeLeftE,752,464,85DA3B8C,0,1,1,4294967295,0,0
objMiniSpikeUpE,720,528,02C01C3A,0,1,1,4294967295,0,0
objMiniSpikeUpE,736,528,8E29D2D0,0,1,1,4294967295,0,0
objMiniSpikeDownE,736,448,DC9EAC74,0,1,1,4294967295,0,0
objMovingSpikeRightE,424,200,94EF6372,0,1,1,4294967295,0,1
objMovingSpikeLeftE,392,200,14B06E3F,0,1,1,4294967295,0,1
objMovingSpikeRightE,424,140,D9A736B0,0,1,1,4294967295,0,1
objMovingSpikeLeftE,392,140,D92E3E63,0,1,1,4294967295,0,1
objMovingSpikeUpE,544,192,8E3FA9CF,0,1,1,4294967295,0,1
objMovingSpikeDownE,544,224,9C63747E,0,1,1,4294967295,0,1
objMovingSpikeUpE,536,224,5A218F39,0,1,1,4294967295,0,1
objMovingSpikeDownE,536,256,51E840F9,0,1,1,4294967295,0,1
objMovingSpikeRightE,416,544,BDAD379B,0,1,1,4294967295,0,1
objMovingSpikeLeftE,384,544,FE58D410,0,1,1,4294967295,0,1
objMovingSpikeUpE,536,128,8107E1F2,0,1,1,4294967295,0,1
objMovingSpikeUpE,560,112,92C4B455,0,1,1,4294967295,0,1
objMovingSpikeDownE,560,144,613B4053,0,1,1,4294967295,0,1
objSpikeLeftE,192,480,5C6AE42C,0,1,1,4294967295,0,1
objSpikeRightE,224,480,D7251487,0,1,1,4294967295,0,1
objMovingSpikeUpE,480,448,4028401C,0,1,1,4294967295,0,1
objMovingSpikeDownE,480,480,0021FF4E,0,1,1,4294967295,0,1
objSpikeDownE,128,190,2FA46672,0,1,1,4294967295,0,0
objSpikeDownE,528,192,FE199734,0,1,1,4294967295,0,0
objMovingSpikeLeftE,576,320,D36EEDFB,0,1,1,4294967295,0,1
objSpikeUpE,440,256,541F55CE,0,1,1,4294967295,0,0
objSpikeUpE,304,416,483D7BB2,0,1,1,4294967295,0,0
objMiniSpikeLeftE,272,192,B6C264DD,0,1,1,4294967295,0,0
objMiniSpikeLeftE,272,176,DB38EA58,0,1,1,4294967295,0,0
objMiniSpikeLeftE,272,160,21194D41,0,1,1,4294967295,0,0
objMiniSpikeLeftE,272,208,060C209E,0,1,1,4294967295,0,0
objMiniSpikeUpE,256,560,57629178,0,1,1,4294967295,0,0
objMiniSpikeRightE,32,288,584F7F69,0,1,1,4294967295,0,0
objMiniSpikeRightE,32,272,7628E8A5,0,1,1,4294967295,0,0
objMiniSpikeRightE,32,256,34C19767,0,1,1,4294967295,0,0
objSpikeDownE,208,544,B53BED00,0,1,1,4294967295,0,0
objSpikeUpE,224,544,47036900,0,1,1,4294967295,0,0
objSpikeDownE,240,544,31E19A6C,0,1,1,4294967295,0,0
objMiniSpikeRightE,608,464,6C9EA9BF,0,1,1,4294967295,0,0
objMiniSpikeLeftE,656,368,DBD179F2,0,1,1,4294967295,0,0
objMiniSpikeLeftE,656,320,10D1D746,0,1,1,4294967295,0,0
objMiniSpikeLeftE,656,304,B8066725,0,1,1,4294967295,0,0
objMiniSpikeLeftE,656,288,12F25811,0,1,1,4294967295,0,0
objMiniSpikeLeftE,656,272,CFA9C51D,0,1,1,4294967295,0,0
objMiniSpikeLeftE,656,256,44D633A2,0,1,1,4294967295,0,0
objSpikeUpE,500,544,2ED702D7,0,1,1,4294967295,0,0
objSpikeUpE,552,550,9A9BDE89,0,1,1,4294967295,0,0
objSpikeDownE,576,512,B609B588,0,1,1,4294967295,0,0
objMovingSpikeUpE,496,416,68AD664D,0,1,1,4294967295,0,1
objMovingSpikeDownE,496,448,7ED8D1C6,0,1,1,4294967295,0,1
objMovingSpikeDownE,368,480,FF9A883B,0,1,1,4294967295,0,1
objSpikeUpE,24,384,78304020,0,1,1,4294967295,0,0
objSpikeDownE,24,416,FA8CBCF8,0,1,1,4294967295,0,0
objMiniSpikeLeftE,50,336,14EF4DD7,0,1,1,4294967295,0,0
objMiniSpikeLeftE,50,320,92FFD81A,0,1,1,4294967295,0,0
objMiniSpikeUpE,173,432,7B795A2D,0,1,1,4294967295,0,0
objMiniSpikeDownE,172,390,473503CD,0,1,1,4294967295,0,0
objMiniSpikeUpE,172,374,A93193C5,0,1,1,4294967295,0,0
objSpikeDownE,195,350,538DBF2D,0,1,1,4294967295,0,0
objMiniSpikeDownE,180,352,24B0DBC9,0,1,1,4294967295,0,0
objMiniSpikeDownE,164,352,3AD91E40,0,1,1,4294967295,0,0
objBlockE,32,576,718BE7F0,0,1,1,4294967295,0,0
objBlockE,64,576,D3EA742D,0,1,1,4294967295,0,0
objBlockE,96,576,E7A6A9DE,0,1,1,4294967295,0,0
objBlockE,0,576,341CBEAB,0,1,1,4294967295,0,0
objBlockE,0,448,8CC5791C,0,1,1,4294967295,0,0
objBlockE,128,576,5F3E0901,0,1,1,4294967295,0,0
objBlockE,160,576,C7315F26,0,1,1,4294967295,0,0
objBlockE,64,448,3C6AA91F,0,1,1,4294967295,0,0
objBlockE,96,448,54F95B2B,0,1,1,4294967295,0,0
objBlockE,128,448,EF8B1606,0,1,1,4294967295,0,0
objBlockE,160,448,D1449F83,0,1,1,4294967295,0,0
objBlockE,192,576,BAC88B82,0,1,1,4294967295,0,0
objBlockE,224,576,343EF2C6,0,1,1,4294967295,0,0
objBlockE,256,576,A606D9D6,0,1,1,4294967295,0,0
objBlockE,288,576,99B325EB,0,1,1,4294967295,0,0
objBlockE,320,576,E849C861,0,1,1,4294967295,0,0
objBlockE,352,576,79818442,0,1,1,4294967295,0,0
objBlockE,384,576,8246BE12,0,1,1,4294967295,0,0
objBlockE,416,576,3C3A7167,0,1,1,4294967295,0,0
objBlockE,448,576,317A1425,0,1,1,4294967295,0,0
objBlockE,448,416,319F3C3B,0,1,1,4294967295,0,0
objBlockE,448,448,0D5684C3,0,1,1,4294967295,0,0
objBlockE,448,480,C394972D,0,1,1,4294967295,0,0
objBlockE,448,512,B76125F0,0,1,1,4294967295,0,0
objBlockE,448,544,B4D9BE9C,0,1,1,4294967295,0,0
objBlockE,288,448,07BF8DFB,0,1,1,4294967295,0,0
objBlockE,384,448,36B0870C,0,1,1,4294967295,0,0
objBlockE,352,352,7088A64A,0,1,1,4294967295,0,0
objBlockE,352,384,0E3AC7A0,0,1,1,4294967295,0,0
objBlockE,352,416,C869DAC1,0,1,1,4294967295,0,0
objBlockE,0,320,636A5BFC,0,1,1,4294967295,0,0
objBlockE,0,352,50F27F76,0,1,1,4294967295,0,0
objBlockE,0,416,99D9848F,0,1,1,4294967295,0,0
objBlockE,64,320,D93E8466,0,1,1,4294967295,0,0
objBlockE,96,320,A700D3B5,0,1,1,4294967295,0,0
objBlockE,128,320,90EB29AB,0,1,1,4294967295,0,0
objBlockE,160,320,F13E64B5,0,1,1,4294967295,0,0
objBlockE,192,320,38A87EE5,0,1,1,4294967295,0,0
objBlockE,224,320,2276EEF1,0,1,1,4294967295,0,0
objBlockE,256,320,D4370823,0,1,1,4294967295,0,0
objBlockE,288,320,EF842059,0,1,1,4294967295,0,0
objBlockE,288,288,C4B1B683,0,1,1,4294967295,0,0
objBlockE,288,256,384C78EC,0,1,1,4294967295,0,0
objBlockE,288,192,375C2488,0,1,1,4294967295,0,0
objBlockE,288,160,5C6508F9,0,1,1,4294967295,0,0
objBlockE,288,224,F6D6B797,0,1,1,4294967295,0,0
objBlockE,0,288,A3110F86,0,1,1,4294967295,0,0
objBlockE,0,256,B7792CC8,0,1,1,4294967295,0,0
objBlockE,0,224,43A0BF4F,0,1,1,4294967295,0,0
objBlockE,0,192,678447BC,0,1,1,4294967295,0,0
objBlockE,0,160,E86DE8C2,0,1,1,4294967295,0,0
objBlockE,32,160,BB09E528,0,1,1,4294967295,0,0
objBlockE,160,160,6397B5A0,0,1,1,4294967295,0,0
objBlockE,192,160,88FF7F67,0,1,1,4294967295,0,0
objBlockE,224,160,0A2D5A0E,0,1,1,4294967295,0,0
objBlockE,288,128,D56DEEC0,0,1,1,4294967295,0,0
objBlockE,288,96,ED11B897,0,1,1,4294967295,0,0
objBlockE,288,64,4E08FB18,0,1,1,4294967295,0,0
objBlockE,288,32,F2621C98,0,1,1,4294967295,0,0
objBlockE,288,0,C7B342F7,0,1,1,4294967295,0,0
objBlockE,256,0,C16B62FF,0,1,1,4294967295,0,0
objBlockE,224,0,A1807714,0,1,1,4294967295,0,0
objBlockE,192,0,C5BDC846,0,1,1,4294967295,0,0
objBlockE,160,0,71C7354E,0,1,1,4294967295,0,0
objBlockE,128,0,550F3448,0,1,1,4294967295,0,0
objBlockE,96,0,69916BBF,0,1,1,4294967295,0,0
objBlockE,64,0,1B7C4D9A,0,1,1,4294967295,0,0
objBlockE,32,0,99678CF8,0,1,1,4294967295,0,0
objBlockE,0,0,FC861490,0,1,1,4294967295,0,0
objBlockE,0,32,F0E17F62,0,1,1,4294967295,0,0
objBlockE,0,64,89BE54B5,0,1,1,4294967295,0,0
objBlockE,0,96,88892C2B,0,1,1,4294967295,0,0
objBlockE,0,128,F22CB293,0,1,1,4294967295,0,0
objBlockE,96,96,8F552B57,0,1,1,4294967295,0,0
objBlockE,96,64,FE7D5837,0,1,1,4294967295,0,0
objBlockE,192,64,93F1958B,0,1,1,4294967295,0,0
objBlockE,192,96,7429590E,0,1,1,4294967295,0,0
objBlockE,192,32,A934CBCD,0,1,1,4294967295,0,0
objBlockE,416,352,0CFF668E,0,1,1,4294967295,0,0
objBlockE,448,352,F5F4DD52,0,1,1,4294967295,0,0
objBlockE,448,384,5EEF6149,0,1,1,4294967295,0,0
objBlockE,352,320,50E0E2E3,0,1,1,4294967295,0,0
objBlockE,480,352,E0CFDBC3,0,1,1,4294967295,0,0
objBlockE,384,224,8169054F,0,1,1,4294967295,0,0
objBlockE,352,288,8B9F3F6D,0,1,1,4294967295,0,0
objBlockE,352,256,223765A5,0,1,1,4294967295,0,0
objBlockE,416,224,58B402C1,0,1,1,4294967295,0,0
objBlockE,448,224,F3563E48,0,1,1,4294967295,0,0
objBlockE,480,224,5EEA70BA,0,1,1,4294967295,0,0
objBlockE,512,224,2FB0FBA7,0,1,1,4294967295,0,0
objBlockE,544,224,806E53AF,0,1,1,4294967295,0,0
objBlockE,576,256,77473940,0,1,1,4294967295,0,0
objBlockE,576,288,7FC4A220,0,1,1,4294967295,0,0
objBlockE,576,320,3DE17A38,0,1,1,4294967295,0,0
objBlockE,576,352,D9E95A80,0,1,1,4294967295,0,0
objBlockE,576,384,6C938E62,0,1,1,4294967295,0,0
objBlockE,576,416,7691BF61,0,1,1,4294967295,0,0
objBlockE,576,448,9B4D887D,0,1,1,4294967295,0,0
objBlockE,576,480,649B9F74,0,1,1,4294967295,0,0
objBlockE,576,576,4BD57AF8,0,1,1,4294967295,0,0
objBlockE,544,576,A51AE1B6,0,1,1,4294967295,0,0
objBlockE,512,576,5AAA86D9,0,1,1,4294967295,0,0
objBlockE,480,576,01BF43E1,0,1,1,4294967295,0,0
objBlockE,608,480,A4F44CDE,0,1,1,4294967295,0,0
objBlockE,672,576,833228CB,0,1,1,4294967295,0,0
objBlockE,672,544,B627518C,0,1,1,4294967295,0,0
objBlockE,672,512,621547BB,0,1,1,4294967295,0,0
objBlockE,672,448,FC665FB4,0,1,1,4294967295,0,0
objBlockE,672,480,121048E5,0,1,1,4294967295,0,0
objBlockE,672,416,A81DF6B0,0,1,1,4294967295,0,0
objBlockE,672,384,125277A4,0,1,1,4294967295,0,0
objBlockE,672,352,F3F42C64,0,1,1,4294967295,0,0
objBlockE,672,320,D610418F,0,1,1,4294967295,0,0
objBlockE,640,384,6C18FABA,0,1,1,4294967295,0,0
objBlockE,608,288,7E874E8D,0,1,1,4294967295,0,0
objBlockE,576,224,2B14C11A,0,1,1,4294967295,0,0
objBlockE,672,288,1C186501,0,1,1,4294967295,0,0
objBlockE,672,256,1B6207A8,0,1,1,4294967295,0,0
objBlockE,672,224,148F2C54,0,1,1,4294967295,0,0
objBlockE,672,192,591360FD,0,1,1,4294967295,0,0
objBlockE,672,160,37676F1F,0,1,1,4294967295,0,0
objBlockE,672,128,8C73A6F5,0,1,1,4294967295,0,0
objBlockE,672,96,C18858F5,0,1,1,4294967295,0,0
objBlockE,640,96,C4CDF61B,0,1,1,4294967295,0,0
objBlockE,608,96,ADAA8169,0,1,1,4294967295,0,0
objBlockE,576,64,4E1DD603,0,1,1,4294967295,0,0
objBlockE,544,64,8C8EA2C5,0,1,1,4294967295,0,0
objBlockE,512,64,9D9C4169,0,1,1,4294967295,0,0
objBlockE,480,64,D79253A4,0,1,1,4294967295,0,0
objBlockE,448,64,CD74FBD0,0,1,1,4294967295,0,0
objBlockE,416,64,407A98C4,0,1,1,4294967295,0,0
objBlockE,352,64,8169670A,0,1,1,4294967295,0,0
objBlockE,384,64,BF97A081,0,1,1,4294967295,0,0
objBlockE,320,-32,605DC5D8,0,1,1,4294967295,0,0
objBlockE,352,-32,27E2E3AA,0,1,1,4294967295,0,0
objBlockE,384,-32,733D9FC3,0,1,1,4294967295,0,0
objBlockE,416,-32,A9590D0B,0,1,1,4294967295,0,0
objBlockE,448,-32,AFC6292C,0,1,1,4294967295,0,0
objBlockE,480,-32,27A44B86,0,1,1,4294967295,0,0
objBlockE,512,-32,E8524A46,0,1,1,4294967295,0,0
objBlockE,576,-32,578AC0C3,0,1,1,4294967295,0,0
objBlockE,608,-32,00EF8999,0,1,1,4294967295,0,0
objBlockE,640,-32,543E4C0B,0,1,1,4294967295,0,0
objBlockE,672,-32,E706E0DC,0,1,1,4294967295,0,0
objBlockE,704,-32,06CBF804,0,1,1,4294967295,0,0
objBlockE,736,-32,31D8752C,0,1,1,4294967295,0,0
objBlockE,768,-32,43533FFA,0,1,1,4294967295,0,0
objBlockE,0,-32,FEF53010,0,1,1,4294967295,0,0
objBlockE,32,-32,4473AA56,0,1,1,4294967295,0,0
objBlockE,64,-32,0690FC4F,0,1,1,4294967295,0,0
objBlockE,96,-32,77E2ECBA,0,1,1,4294967295,0,0
objBlockE,128,-32,B5DE468A,0,1,1,4294967295,0,0
objBlockE,160,-32,8FA72EBD,0,1,1,4294967295,0,0
objBlockE,224,-32,F1497F01,0,1,1,4294967295,0,0
objBlockE,256,-32,2C3A16FB,0,1,1,4294967295,0,0
objBlockE,288,-32,569508AD,0,1,1,4294967295,0,0
objBlockE,192,-32,54EEE063,0,1,1,4294967295,0,0
objBlockE,-32,-32,5BE21187,0,1,1,4294967295,0,0
objBlockE,-32,0,9A888E81,0,1,1,4294967295,0,0
objBlockE,-32,32,6EA6960C,0,1,1,4294967295,0,0
objBlockE,-32,64,13D5953C,0,1,1,4294967295,0,0
objBlockE,-32,96,73544F24,0,1,1,4294967295,0,0
objBlockE,-32,128,DC73E099,0,1,1,4294967295,0,0
objBlockE,-32,160,C2D43F5D,0,1,1,4294967295,0,0
objBlockE,-32,192,F5A87B77,0,1,1,4294967295,0,0
objBlockE,-32,224,58B7B33E,0,1,1,4294967295,0,0
objBlockE,-32,288,E73F823F,0,1,1,4294967295,0,0
objBlockE,-32,320,238A7903,0,1,1,4294967295,0,0
objBlockE,-32,352,51993941,0,1,1,4294967295,0,0
objBlockE,-32,384,7923C88C,0,1,1,4294967295,0,0
objBlockE,-32,416,BB402F86,0,1,1,4294967295,0,0
objBlockE,-32,448,E06B6E6D,0,1,1,4294967295,0,0
objBlockE,-32,480,67D5DDE2,0,1,1,4294967295,0,0
objBlockE,-32,512,B34534D9,0,1,1,4294967295,0,0
objBlockE,-32,544,7BB9150B,0,1,1,4294967295,0,0
objBlockE,-32,576,5B2290BE,0,1,1,4294967295,0,0
objBlockE,-32,608,A8A0FBB9,0,1,1,4294967295,0,0
objBlockE,0,608,7EDF65AB,0,1,1,4294967295,0,0
objBlockE,32,608,ECAA66B1,0,1,1,4294967295,0,0
objBlockE,64,608,71364F72,0,1,1,4294967295,0,0
objBlockE,96,608,0588FF67,0,1,1,4294967295,0,0
objBlockE,128,608,61B69416,0,1,1,4294967295,0,0
objBlockE,160,608,4799719D,0,1,1,4294967295,0,0
objBlockE,192,608,593F230E,0,1,1,4294967295,0,0
objBlockE,224,608,944796D1,0,1,1,4294967295,0,0
objBlockE,256,608,5D81B10D,0,1,1,4294967295,0,0
objBlockE,288,608,5728C8BD,0,1,1,4294967295,0,0
objBlockE,320,608,E849CB19,0,1,1,4294967295,0,0
objBlockE,352,608,022FBDD4,0,1,1,4294967295,0,0
objBlockE,384,608,009852B2,0,1,1,4294967295,0,0
objBlockE,416,608,2E851A34,0,1,1,4294967295,0,0
objBlockE,448,608,30936E07,0,1,1,4294967295,0,0
objBlockE,480,608,8B8E6062,0,1,1,4294967295,0,0
objBlockE,512,608,0745D922,0,1,1,4294967295,0,0
objBlockE,544,608,50055A7B,0,1,1,4294967295,0,0
objBlockE,576,608,0C1DFEEA,0,1,1,4294967295,0,0
objBlockE,608,608,843CFD94,0,1,1,4294967295,0,0
objBlockE,640,608,08A84DBC,0,1,1,4294967295,0,0
objBlockE,672,608,E679B8B4,0,1,1,4294967295,0,0
objBlockE,768,608,959F4F8B,0,1,1,4294967295,0,0
objBlockE,768,0,B45B0EDF,0,1,1,4294967295,0,0
objBlockE,768,32,D5C6DC16,0,1,1,4294967295,0,0
objBlockE,768,64,30EB5939,0,1,1,4294967295,0,0
objBlockE,768,96,999648D6,0,1,1,4294967295,0,0
objBlockE,768,192,6321AA0D,0,1,1,4294967295,0,0
objBlockE,768,224,1D64CEDE,0,1,1,4294967295,0,0
objBlockE,768,256,0D027016,0,1,1,4294967295,0,0
objBlockE,768,288,71E8B85E,0,1,1,4294967295,0,0
objBlockE,768,320,87A8FECF,0,1,1,4294967295,0,0
objBlockE,768,352,A560FAD5,0,1,1,4294967295,0,0
objBlockE,768,384,512B12C5,0,1,1,4294967295,0,0
objBlockE,768,416,985A17A2,0,1,1,4294967295,0,0
objBlockE,768,448,01C7E4D2,0,1,1,4294967295,0,0
objBlockE,768,480,AFEE01AA,0,1,1,4294967295,0,0
objBlockE,768,512,7864F012,0,1,1,4294967295,0,0
objBlockE,768,544,3AF15652,0,1,1,4294967295,0,0
objBlockE,768,576,207AA73B,0,1,1,4294967295,0,0
objBlockE,800,-32,07DB2212,0,1,1,4294967295,0,0
objBlockE,800,0,41BD2A58,0,1,1,4294967295,0,0
objBlockE,800,32,388656F9,0,1,1,4294967295,0,0
objBlockE,800,64,BAF7AC9A,0,1,1,4294967295,0,0
objBlockE,800,96,35947C7D,0,1,1,4294967295,0,0
objBlockE,800,128,9E21266B,0,1,1,4294967295,0,0
objBlockE,800,160,B81BEC31,0,1,1,4294967295,0,0
objBlockE,800,192,BE28276C,0,1,1,4294967295,0,0
objBlockE,800,224,7DCD7344,0,1,1,4294967295,0,0
objBlockE,800,256,5C56EE10,0,1,1,4294967295,0,0
objBlockE,800,288,5FEAF8E2,0,1,1,4294967295,0,0
objBlockE,800,320,9B569868,0,1,1,4294967295,0,0
objBlockE,800,352,CBA7674F,0,1,1,4294967295,0,0
objBlockE,800,384,9DA09EA4,0,1,1,4294967295,0,0
objBlockE,800,416,BF09C02A,0,1,1,4294967295,0,0
objBlockE,800,448,A48A88FE,0,1,1,4294967295,0,0
objBlockE,800,480,C399C76A,0,1,1,4294967295,0,0
objBlockE,800,512,7E55D7F0,0,1,1,4294967295,0,0
objBlockE,800,544,C1DA961F,0,1,1,4294967295,0,0
objBlockE,800,576,489F6ADB,0,1,1,4294967295,0,0
objBlockE,800,608,7A5565AA,0,1,1,4294967295,0,0
objBlockE,320,448,56543CED,0,1,1,4294967295,0,0
objBlockE,352,448,30BDEA35,0,1,1,4294967295,0,0
objBlockE,0,384,C8F202DB,0,1,1,4294967295,0,0
objBlockE,32,480,5E5C0B51,0,1,1,4294967295,0,0
objBlockE,288,352,CD39710B,0,1,1,4294967295,0,0
objBlockE,64,160,A6A8BC6F,0,1,1,4294967295,0,0
objBlockE,96,128,FE1BAE72,0,1,1,4294967295,0,0
objBlockE,96,160,D17C4597,0,1,1,4294967295,0,0
objBlockE,128,160,00E49690,0,1,1,4294967295,0,0
objBlockE,672,64,522F9968,0,1,1,4294967295,0,0
objBlockE,672,0,FD2E6DF2,0,1,1,4294967295,0,0
objBlockE,544,-32,B6D3FC03,0,1,1,4294967295,0,0
objBlockE,-32,256,4F64BADD,0,1,1,4294967295,0,0
objBlockE,768,128,276A3891,0,1,1,4294967295,0,0
objBlockE,768,160,AE0390E7,0,1,1,4294967295,0,0
objBlockE,32,448,C6EB2446,0,1,1,4294967295,0,0
WallJumpR,288,255,14A59E50,0,1,1,4294967295,0,0
WallJumpL,448,445,B5252011,0,1,1,4294967295,0,0
SavePointVeryHard,0,480,167CF232,0,1,1,4294967295,0,0
Platform,548,416,FDCED069,0,1,1,4294967295,0,0
SavePointMedium,320,352,8B8C6F05,0,1,1,4294967295,0,0
SavePointHard,128,96,E4E613C6,0,1,1,4294967295,0,0
Platform,128,32,ED1FC9DB,0,1,1,4294967295,0,0
SavePointMedium,320,288,0B763436,0,1,1,4294967295,0,0
objTriggerController,40,520,59B5F979,0,1,1,4294967295,0,0
objTriggerE,320,224,B36D9F6E,0,1,1,4294967295,0,1
objTriggerE,320,384,15AB550B,0,1,1,4294967295,0,1
objTriggerE,224,32,C8D3E079,0,1,1,4294967295,0,1
objTriggerE,320,288,8D7B072F,0,1,1,4294967295,0,1
objTriggerE,128,32,310953C4,0,1,1,4294967295,0,1
objTriggerE,688,32,4202E107,0,1,1,4294967295,0,1
objCustomTriggerE,688,32,627BC345,0,1,1,4294967295,0,1
objCustomTriggerE,32,128,331F5D13,0,1,1,4294967295,0,1
objTriggerE,32,128,3E194D87,0,1,1,4294967295,0,1
objMovingBlockE,320,320,7F93399B,0,1,1,4294967295,0,1
PlayerStart,32,544,EEBD552A,0,1,1,4294967295,0,0
Water3,320,96,D588EC26,0,9,4,4294967295,0,0
Water3,608,128,318ABCA1,0,2,5,4294967295,0,0
Water3,704,64,0250CCC0,0,2,17,4294967295,0,0
Water3,320,224,FA94AF5B,0,2,1,4294967295,0,0
MusicPlayer,64,512,8DE39100,0,1,1,4294967295,0,1
objDarknessIntroE,16,520,1CA74314,0,1,1,4294967295,0,0
