SpikeTrapU,448,544,EEC06EB0,0,1,1,4294967295,0,1
WarpToHub,64,544,000ECBF9,0,1,1,4294967295,0,0
Autotiler,64,32,E883BB22,0,1,1,4294967295,0,1
Warp,160,448,534B8C3E,0,1,1,4294967295,0,1
Warp,256,448,D343ED8C,0,1,1,4294967295,0,1
Block,0,0,003F7A19,0,1,17,4294967295,0,0
Block,0,576,001A25E1,0,25,1,4294967295,0,0
Block,768,32,00401B8D,0,1,17,4294967295,0,0
Block,0,0,00256BF1,0,25,1,4294967295,0,0
MusicPlayer,32,32,003C2ED2,0,1,1,4294967295,0,1
SavePointVeryHard,96,544,003F0264,0,1,1,4294967295,0,0
OutsideWarp,-32,544,1BF80774,0,1,1,4294967295,0,1
Triggered1,448,512,1DBAD4D4,0,2,2,4294967295,0,0
Trigger1,320,480,87A55D75,0,1,3,4294967295,0,0
PlayerStart,64,544,002F155D,0,1,1,4294967295,0,0
